1712199372612 0.8097569444444446 0
1712199372622 0.7442708333333334 1
1712199372636 0.8075 2
1712199372670 0.8719791666666666 3
1712199372703 0.8183333333333332 4
1712199372774 0.8751388888888889 5
1712199372806 0.8841666666666667 6
1712199372893 0.9017361111111111 7
1712199372940 0.9040277777777778 8
1712199373021 0.8910416666666666 9
1712199373106 0.9113194444444445 10
1712199373122 0.9224305555555555 11
1712199373171 0.924375 12
1712199373218 0.9243055555555556 13
1712199373272 0.9227083333333334 14
1712199373299 0.9222916666666666 15
1712199373334 0.9220833333333334 16
1712199373340 0.9213194444444444 17
1712199373347 0.921875 18
1712199373353 0.9210416666666668 19
1712199373365 0.92125 20
1712199373376 0.921111111111111 21
1712199373390 0.92125 22
1712199373401 0.9209722222222223 23
1712199373431 0.9219444444444445 24
