1712199372609 0.975 0
1712199372620 1.0 1
1712199372629 0.6416666666666667 2
1712199372668 0.9583333333333334 3
1712199372675 0.8 4
1712199372716 0.9416666666666667 5
1712199372791 0.8833333333333333 6
1712199372889 0.9583333333333334 7
1712199372930 0.8833333333333333 8
1712199372960 0.5916666666666667 9
1712199373078 0.8 10
1712199373119 0.875 11
1712199373142 0.825 12
1712199373215 0.825 13
1712199373267 0.8583333333333333 14
1712199373294 0.8666666666666667 15
1712199373332 0.8666666666666667 16
1712199373338 0.875 17
1712199373345 0.8833333333333333 18
1712199373352 0.875 19
1712199373359 0.8833333333333333 20
1712199373370 0.875 21
1712199373383 0.875 22
1712199373399 0.875 23
1712199373425 0.8833333333333333 24
