1712199372609 0.4166666666666667 0
1712199372621 0.175 1
1712199372631 0.7916666666666666 2
1712199372669 0.6416666666666667 3
1712199372698 0.6666666666666666 4
1712199372744 0.5833333333333334 5
1712199372793 0.7416666666666667 6
1712199372891 0.625 7
1712199372932 0.7583333333333333 8
1712199372993 0.9666666666666667 9
1712199373079 0.8333333333333334 10
1712199373120 0.7916666666666666 11
1712199373167 0.85 12
1712199373216 0.85 13
1712199373270 0.8416666666666667 14
1712199373298 0.8416666666666667 15
1712199373333 0.825 16
1712199373339 0.8333333333333334 17
1712199373346 0.8333333333333334 18
1712199373352 0.825 19
1712199373360 0.8166666666666667 20
1712199373371 0.825 21
1712199373384 0.8333333333333334 22
1712199373400 0.825 23
1712199373426 0.8166666666666667 24
