1712199372606 60.0 0
1712199372616 65.0 1
1712199372625 71.0 2
1712199372640 73.0 3
1712199372672 71.0 4
1712199372712 70.0 5
1712199372780 81.0 6
1712199372876 79.0 7
1712199372923 76.0 8
1712199372952 79.0 9
1712199373041 87.0 10
1712199373113 82.0 11
1712199373131 82.0 12
1712199373201 85.0 13
1712199373249 85.0 14
1712199373276 81.0 15
1712199373325 85.0 16
1712199373336 84.0 17
1712199373342 85.0 18
1712199373349 81.0 19
1712199373355 87.0 20
1712199373367 82.0 21
1712199373379 82.0 22
1712199373392 87.0 23
1712199373411 87.0 24
