1712199372121 8.795713722705841 0
1712199372615 8.169358432292938 1
1712199372624 7.792669385671616 2
1712199372639 7.865413635969162 3
1712199372671 8.321147412061691 4
1712199372711 7.880867660045624 5
1712199372775 7.438065230846405 6
1712199372816 7.115831911563873 7
1712199372918 6.794006645679474 8
1712199372951 6.565310060977936 9
1712199373037 6.42771303653717 10
1712199373109 6.370386987924576 11
1712199373130 6.338196575641632 12
1712199373176 6.167288154363632 13
1712199373248 6.129678666591644 14
1712199373275 6.255190879106522 15
1712199373317 6.197450131177902 16
1712199373335 6.22716224193573 17
1712199373341 6.101152241230011 18
1712199373348 6.153640538454056 19
1712199373354 6.092649608850479 20
1712199373366 6.123002111911774 21
1712199373378 6.197380870580673 22
1712199373391 6.1330612897872925 23
1712199373406 6.122016876935959 24
